positive\1678060144.594752.jpg 1 1498 301 47 82
positive\1678060147.927377.jpg 1 1427 203 31 74
positive\1678060151.1396675.jpg 1 1403 101 30 66
positive\1678060160.9568982.jpg 1 1517 51 29 67
positive\1678060177.639592.jpg 1 1122 456 37 84
positive\1678060177.7261422.jpg 1 1127 462 30 79
positive\1678060183.573372.jpg 1 709 318 35 74
positive\1678060188.130647.jpg 1 1328 420 30 83
positive\1678060191.790491.jpg 1 1684 340 47 86
positive\1678060191.8769636.jpg 1 1693 347 36 75
positive\1678060195.5643804.jpg 1 1831 237 45 72
positive\1678060195.672378.jpg 1 1815 232 67 87
positive\1678060199.0529437.jpg 1 1664 127 45 71
positive\1678060199.1742556.jpg 1 1659 125 49 76
positive\1678060201.6394956.jpg 1 1626 42 43 72
positive\1678060208.8800225.jpg 1 1776 986 60 61
positive\1678060208.9589005.jpg 1 1781 986 53 60
positive\1678060211.0408173.jpg 1 1739 817 59 98
positive\1678060211.129378.jpg 1 1695 813 112 96
positive\1678060215.0917783.jpg 1 1500 383 50 81
positive\1678060222.9754546.jpg 1 1801 364 68 82
positive\1678060228.7704723.jpg 1 1389 472 293 333
positive\1678060233.1083472.jpg 1 1282 470 137 230
positive\1678060233.1957104.jpg 1 1293 469 125 230
positive\1678060236.0413392.jpg 1 1208 469 82 153
positive\1678060236.1298146.jpg 1 1219 457 87 163
positive\1678060239.7918007.jpg 1 1081 439 65 99
positive\1678060239.8772376.jpg 1 1094 440 52 93
positive\1678060246.4005115.jpg 1 1110 450 36 73
positive\1678060246.4889064.jpg 1 1099 446 53 77
positive\1678060248.8587873.jpg 1 1022 520 75 78
positive\1678060248.94405.jpg 1 1008 519 96 79
positive\1678060251.4250426.jpg 1 886 541 61 75
positive\1678060251.5154245.jpg 1 878 542 71 74
positive\1678060253.429116.jpg 1 763 467 89 79
positive\1678060253.5120955.jpg 1 770 472 49 74
positive\1678060255.6320295.jpg 1 783 371 51 74
positive\1678060255.7332356.jpg 1 781 375 53 71
positive\1678060266.145952.jpg 1 887 149 29 49
positive\1678060271.942894.jpg 1 1511 181 41 62
positive\1678060279.3436148.jpg 1 1128 25 25 55
positive\1678060284.1267729.jpg 1 719 50 34 49
positive\1678060284.2150958.jpg 1 722 44 34 53
positive\1678060289.692208.jpg 1 757 106 31 40
positive\1678060289.779549.jpg 1 752 101 37 46
positive\1678060293.5126057.jpg 1 789 147 838 29
positive\1678060293.601554.jpg 1 1627 176 35 66
positive\1678060296.0643675.jpg 1 1731 214 51 70
positive\1678060300.6940866.jpg 1 1578 332 55 67
positive\1678060303.2667422.jpg 1 1675 342 58 75
positive\1678060307.0806732.jpg 1 1479 129 55 72
positive\1678060307.1675892.jpg 1 1487 132 49 64
positive\1678060309.2473297.jpg 1 1596 235 59 76
positive\1678060309.3304284.jpg 1 1602 236 51 74
positive\1678060310.780882.jpg 1 1674 343 62 79
positive\1678060310.8643696.jpg 1 1677 354 60 70
positive\1678060312.7020063.jpg 1 1749 588 74 82
positive\1678060315.8485494.jpg 1 1030 10 49 64
positive\1678060319.3810763.jpg 1 797 29 39 64
positive\1678060326.077771.jpg 1 1214 103 21 45
positive\1678060329.1098459.jpg 1 1303 80 19 45
positive\1678060331.0607808.jpg 1 1787 181 28 57
positive\1678060335.1110036.jpg 1 1085 70 24 50
positive\1678060335.1990056.jpg 1 1087 76 22 46
positive\1678060339.0448074.jpg 1 1095 152 19 50
positive\1678060339.1376047.jpg 1 1084 159 32 43
positive\1678060340.7388163.jpg 1 1060 51 29 45
positive\1678060345.114046.jpg 1 1842 94 47 60
positive\1678060348.6955557.jpg 1 1701 106 40 69
positive\1678060351.834659.jpg 1 1790 90 48 60
positive\1678060351.9253905.jpg 1 1790 91 43 58
positive\1678060353.5955591.jpg 1 1707 57 42 56
positive\1678060355.4591627.jpg 1 1550 24 38 57
positive\1678060359.4947.jpg 1 1066 57 53 55
positive\1678060362.1612854.jpg 1 1322 78 43 65
positive\1678060363.595568.jpg 1 1472 125 34 68
positive\1678060363.6780188.jpg 1 1467 134 39 63
positive\1678060365.0952344.jpg 1 1602 188 40 74
positive\1678060366.3317144.jpg 1 1671 236 44 72
positive\1678060367.9210842.jpg 1 1462 301 48 83
positive\1678060369.2122862.jpg 1 1495 353 51 82
positive\1678060370.9026575.jpg 1 1495 402 37 80
positive\1678075996.3848698.jpg 1 1569 527 55 87
positive\1678076008.1405017.jpg 1 1639 560 43 90
positive\1678076009.5368447.jpg 1 1673 637 50 87
positive\1678076010.7672164.jpg 1 1686 744 49 93
positive\1678076012.0680003.jpg 1 1668 752 66 95
positive\1678076023.3415442.jpg 1 1428 673 65 87
positive\1678076024.8755116.jpg 1 1474 527 56 89
positive\1678076025.6089542.jpg 1 1586 531 52 94
positive\1678076027.6874902.jpg 1 1692 598 59 90
positive\1678076028.6216965.jpg 1 1712 558 62 90
positive\1678076029.422041.jpg 1 1762 516 53 87
positive\1678076031.1971428.jpg 1 1768 494 57 91
positive\1678076032.2520342.jpg 1 1715 466 46 78
positive\1678076033.4149125.jpg 1 1622 383 49 82
positive\1678076034.259757.jpg 1 1525 335 36 76
positive\1678076036.3718154.jpg 1 1353 292 35 71
positive\1678076037.696087.jpg 1 1241 269 26 69
positive\1678076044.9899933.jpg 1 1234 271 34 68
positive\1678076046.2689924.jpg 1 1326 314 33 71
positive\1678076047.9041834.jpg 1 1467 209 27 65
positive\1678076048.8038313.jpg 1 1615 198 30 66
positive\1678076049.9864206.jpg 1 1618 185 39 75
positive\1678076051.0581524.jpg 1 1599 151 31 73
positive\1678076051.7096283.jpg 1 1525 105 40 68
positive\1678076052.6243293.jpg 1 1628 83 32 67
positive\1678076053.5392907.jpg 1 1718 53 37 67
positive\1678076053.6432474.jpg 1 1720 42 43 69
positive\1678076054.207362.jpg 1 1728 46 34 67
positive\1678076055.0144033.jpg 1 1666 48 39 64
positive\1678076056.012285.jpg 1 1641 59 46 64
positive\1678076056.9127052.jpg 1 1593 106 38 67
positive\1678076057.941246.jpg 1 1448 120 37 68
positive\1678076058.7380817.jpg 1 1545 185 44 79
positive\1678076059.9013302.jpg 1 1609 184 50 77
positive\1678076061.053625.jpg 1 1813 186 51 75
positive\1678076061.8677697.jpg 1 1810 189 54 72
positive\1678076062.4846995.jpg 1 1776 221 51 72
positive\1678076063.4026294.jpg 1 1755 247 51 70
positive\1678076064.435203.jpg 1 1736 334 61 72
positive\1678076065.461419.jpg 1 1745 411 68 82
positive\1678076065.5535274.jpg 1 1747 412 64 75
positive\1678076066.395948.jpg 1 1789 467 63 81
positive\1678076067.0478027.jpg 1 1831 525 63 84
positive\1678076067.8112109.jpg 1 1767 593 80 87
positive\1678076068.7117789.jpg 1 1713 560 66 89
positive\1678076069.3195698.jpg 1 1690 591 64 97
positive\1678076070.20959.jpg 1 1617 594 57 86
positive\1678076070.8609738.jpg 1 1540 565 55 86
positive\1678076071.4813714.jpg 1 1463 564 48 84
positive\1678076072.1221428.jpg 1 1440 556 60 97
positive\1678076072.5584464.jpg 1 1439 561 56 86
positive\1678076073.1630154.jpg 1 1449 561 44 91
positive\1678076073.7709382.jpg 1 1363 632 64 90
positive\1678076074.4718983.jpg 1 1371 633 53 92
positive\1678076075.125831.jpg 1 1568 634 53 88
positive\1678076075.8527808.jpg 1 1659 631 63 90
positive\1678076076.400384.jpg 1 1689 598 63 82
positive\1678076076.926712.jpg 1 1757 624 55 96
positive\1678076077.8020692.jpg 1 1847 652 58 97
positive\1678076078.4843113.jpg 1 1768 541 58 82
positive\1678076079.2694285.jpg 1 1737 533 63 72
positive\1678076079.8602874.jpg 1 1649 530 59 83
positive\1678076080.5114143.jpg 1 1671 607 71 87
positive\1678076081.4152198.jpg 1 1594 712 63 94
positive\1678076081.9743419.jpg 1 1612 721 48 80
positive\1678076082.72063.jpg 1 1553 566 38 58
positive\1678076083.3748338.jpg 1 1407 537 42 76
positive\1678076084.122179.jpg 1 1322 502 56 78
positive\1678076085.5114527.jpg 1 1510 498 37 82
positive\1678076086.3197145.jpg 1 1411 442 36 72
positive\1678076087.3903756.jpg 1 1378 326 47 71
positive\1678076088.1962225.jpg 1 1400 318 35 66
positive\1678076088.7861888.jpg 1 1557 318 41 73
positive\1678076089.579325.jpg 1 1590 335 47 78
positive\1678076090.0931883.jpg 1 1526 341 37 65
positive\1678076090.7171848.jpg 1 1352 291 36 70
positive\1678076091.384922.jpg 1 1269 247 32 72
positive\1678076091.8532727.jpg 1 1214 229 43 63
positive\1678076092.4745052.jpg 1 1142 191 38 66
positive\1678076093.1124744.jpg 1 1176 167 47 63
positive\1678076093.2057624.jpg 1 1203 154 39 68
positive\1678076093.8281348.jpg 1 1247 129 31 66
positive\1678076094.4846303.jpg 1 1282 110 36 62
positive\1678076094.8901656.jpg 1 1328 112 41 63
positive\1678076095.371132.jpg 1 1481 92 41 71
positive\1678076095.9312675.jpg 1 1493 130 49 69
positive\1678076096.4944413.jpg 1 1414 156 41 69
positive\1678076097.0370274.jpg 1 1410 155 39 74
positive\1678076097.5834036.jpg 1 1524 211 42 66
positive\1678076098.2339642.jpg 1 1620 228 34 72
positive\1678076098.901773.jpg 1 1655 212 45 66
positive\1678076100.1172261.jpg 1 1684 241 40 73
positive\1678076100.8338056.jpg 1 1650 303 43 68
positive\1678076101.4905944.jpg 1 1756 356 44 79
positive\1678076202.2997863.jpg 1 1688 501 52 75
positive\1678076203.0459263.jpg 1 1532 561 60 82
positive\1678076204.9764302.jpg 1 1328 674 57 88
positive\1678076216.3624713.jpg 1 1701 595 42 82
positive\1678076218.0612512.jpg 1 1668 906 73 89
positive\1678076219.957393.jpg 1 1397 720 54 82
positive\1678076221.2137728.jpg 1 1296 531 52 78
positive\1678076221.9904866.jpg 1 1293 394 45 64
positive\1678076222.7118819.jpg 1 1255 322 43 74
positive\1678076223.5162213.jpg 1 1242 262 38 75
positive\1678076224.358312.jpg 1 1204 187 43 67
positive\1678076225.559544.jpg 1 1086 192 32 67
positive\1678076226.2794094.jpg 1 1131 157 45 65
positive\1678076227.1304674.jpg 1 1228 102 27 72
positive\1678076228.0197856.jpg 1 1322 146 31 71
positive\1678076228.9526625.jpg 1 1383 172 29 34
positive\1678076229.6361828.jpg 1 1379 175 35 61
positive\1678076230.63659.jpg 1 1497 290 42 74
positive\1678076231.649023.jpg 1 1631 466 44 81
positive\1678076232.3953063.jpg 1 1697 609 67 88
positive\1678076233.5404022.jpg 1 1643 622 57 87
positive\1678076234.3187394.jpg 1 1483 534 64 88
positive\1678076235.0815241.jpg 1 1361 470 60 71
positive\1678076235.9199533.jpg 1 1225 383 46 83
positive\1678076236.647691.jpg 1 1155 324 59 72
positive\1678076237.3665576.jpg 1 1126 245 42 67
positive\1678076238.0044196.jpg 1 1157 232 35 62
positive\1678076238.6113718.jpg 1 1183 205 44 68
positive\1678076239.4234576.jpg 1 1265 152 40 69
positive\1678076240.0622513.jpg 1 1361 136 39 75
positive\1678076240.8423395.jpg 1 1467 151 36 74
positive\1678076241.2649045.jpg 1 1497 152 54 72
positive\1678076242.0250258.jpg 1 1663 201 39 76
positive\1678076242.6190276.jpg 1 1637 155 56 75
positive\1678076243.4308276.jpg 1 1697 140 57 71
positive\1678076244.1915863.jpg 1 1690 205 45 64
positive\1678076244.8138385.jpg 1 1736 268 49 71
positive\1678076245.5885003.jpg 1 1799 358 61 71
positive\1678076246.379774.jpg 1 1759 406 63 74
positive\1678076247.0331542.jpg 1 1719 436 63 82
positive\1678076247.7622008.jpg 1 1694 538 74 90
positive\1678076248.6953173.jpg 1 1844 640 61 76
positive\1678076249.9337249.jpg 1 1843 612 63 107
positive\1678076250.948041.jpg 1 1816 524 76 92
positive\1678076253.1738584.jpg 1 1803 357 51 78
positive\1678076254.3889198.jpg 1 1766 495 66 82
positive\1678076255.0285475.jpg 1 1659 518 59 83
positive\1678076255.8380709.jpg 1 1624 555 57 90
positive\1678076256.4918847.jpg 1 1667 631 51 91
positive\1678076257.1302304.jpg 1 1638 631 87 89
positive\1678076257.6872447.jpg 1 1469 634 88 87
positive\1678076258.404479.jpg 1 1439 760 81 84
positive\1678076259.1363168.jpg 1 1420 762 101 83
positive\1678076259.5704083.jpg 1 1423 760 102 83
positive\1678076260.1171322.jpg 1 1416 761 108 86
positive\1678076261.1430242.jpg 1 1672 752 63 88
positive\1678076261.977233.jpg 1 1681 585 44 86
positive\1678076262.7660217.jpg 1 1501 496 60 85
positive\1678076264.0125637.jpg 1 1389 541 26 80
positive\1678076264.6491418.jpg 1 1328 489 46 83
positive\1678076265.4573033.jpg 1 1261 356 43 71
positive\1678076266.2663393.jpg 1 1252 244 40 70
positive\1678076267.0432475.jpg 1 1117 200 33 75
